ACTIVE_PART_STACK__BORDER_COLOR=30.0, 0.08130081, 0.48235294, 0|30.0, 0.081301, 0.482353, 100
ACTIVE_PART_STACK__BORDER_SHOW=true
ACTIVE_PART_STACK__CHEVRON_COLOR=28.8, 0.03723404, 0.9893617
ACTIVE_PART_STACK__HEADER_BACKGROUND_COLOR=28.8, 0.1396648, 0.7019608, 0|30.0, 0.16470587, 0.6666667, 100
ACTIVE_PART_STACK__HOVER_FILL_COLOR=28.8, 0.13829787, 0.82978725, 0|30.0, 0.15957446, 0.7925532, 100
ACTIVE_PART_STACK__HOVER_TEXT_COLOR=0.0, 0.0, 1.0
ACTIVE_PART_STACK__HOVER_TEXT_SHADOW_COLOR=30.0, 0.16666666, 0.3764706
ACTIVE_PART_STACK__HOVER_TEXT_SHADOW_POSITION=0, 0
ACTIVE_PART_STACK__SELECTED_BORDER_COLOR=30.0, 0.08130081, 0.48235294, 0|30.0, 0.081301, 0.482353, 100
ACTIVE_PART_STACK__SELECTED_BORDER_SHOW=true
ACTIVE_PART_STACK__SELECTED_FILL_COLOR=0.0, 0.0, 1.0, 0|0.0, 0.0, 1.0, 100
ACTIVE_PART_STACK__SELECTED_TEXT_COLOR=30.000008, 0.23684213, 0.59607846
ACTIVE_PART_STACK__UNSELECTED_TEXT_COLOR=0.0, 0.0, 1.0
ACTIVE_PART_STACK__UNSELECTED_TEXT_SHADOW_COLOR=28.88889, 0.16489361, 0.37765956
EDITORS_PART_STACK__FILL_COLOR=28.8, 0.1396648, 0.7019608, 0|30.0, 0.16470587, 0.6666667, 100
EMPTY_PART_STACK__FILL_COLOR=28.8, 0.1396648, 0.7019608, 0|30.0, 0.16470587, 0.6666667, 100
INACTIVE_PART_STACK__BORDER_COLOR=30.0, 0.0, 0.6808511, 0|30.0, 0.0, 0.680851, 100
INACTIVE_PART_STACK__BORDER_SHOW=true
INACTIVE_PART_STACK__CHEVRON_COLOR=0.0, 0.0, 0.48404253
INACTIVE_PART_STACK__CLOSE_BUTTON_ACTIVE_COLOR=0.0, 0.87765956, 0.86702126
INACTIVE_PART_STACK__CLOSE_BUTTON_COLOR=0.0, 0.0, 0.8031915
INACTIVE_PART_STACK__CLOSE_BUTTON_HOVER_COLOR=0.0, 0.5106383, 0.69148934
INACTIVE_PART_STACK__HEADER_BACKGROUND_COLOR=28.8, 0.0, 0.9148936, 0|30.0, 0.0, 0.86170214, 100
INACTIVE_PART_STACK__HOVER_BORDER_COLOR=24.532019, 0.0, 0.6117021, 0|24.532019, 0.0, 0.611702, 100
INACTIVE_PART_STACK__HOVER_FILL_COLOR=0.0, 0.0, 0.9574468, 0|0.0, 0.0, 0.92021275, 100
INACTIVE_PART_STACK__SELECTED_BORDER_COLOR=30.0, 0.0, 0.6808511, 0|30.0, 0.0, 0.680851, 100
INACTIVE_PART_STACK__SELECTED_BORDER_SHOW=true
INACTIVE_PART_STACK__SELECTED_TEXT_COLOR=30.000008, 0.0, 0.0
INACTIVE_PART_STACK__UNSELECTED_BORDER_COLOR=24.532019, 0.0, 0.6117021, 0|24.532019, 0.0, 0.611702, 100
INACTIVE_PART_STACK__UNSELECTED_TEXT_COLOR=0.0, 0.0, 0.32446808
INACTIVE_PART_STACK__UNSELECTED_TEXT_SHADOW_COLOR=0.0, 0.0, 0.94148934
LAYOUT__CONTENT_PADDING=1
LAYOUT__SHADOW_COLOR=0.0, 0.0, 0.5904255
LAYOUT__SHOW_SHADOW=false
MEMENTO__LAST_CHOOSED_PRESET=net.jeeeyul.eclipse.themes.preset.coffee
TEXT_EDITOR__UNDER_LINE_COLOR=27.692308, 0.11170213, 0.9680851
WINDOW__BACKGROUND_COLOR=0.0, 0.0, 0.93085104
WINDOW__MARGINS=2, 2, 2, 2
WINDOW__PERSPECTIVE_SWITCHER_FILL_COLOR=0.0, 0.0, 0.929412, 0|0.0, 0.0, 0.92941177, 100
WINDOW__PERSPECTIVE_SWITCHER_KEY_LINE_COLOR=0.0, 0.0, 0.7074468
WINDOW__STATUS_BAR_FILL_COLOR=28.8, 0.07978723, 0.5904255, 6|28.8, 0.14361702, 0.84574467, 6|28.8, 0.143617, 0.845745, 11|28.8, 0.12765957, 0.82978725, 11|30.0, 0.17553191, 0.80851066, 100
eclipse.preferences.version=1
